
A=[0 1 0 0;0 -6.109*10^(-08)   2.828*10^(-5)  -7.749*10^(-6);0 0 0 1;0 0.00354 -0.03293 -1.106];
B=[0;-2.126*10^(-8);0;-293];
C=[1 0 0 0; 0 1 0 0; 0 0 1 0;0 0 0 1];
D=[0;0;0;0];
k1=-2.8342*10^(-6);
k2=-1.9259*10^(6);
k3=-18.7082;
k4=-0.1767;
%%
A=[0 1 0 0;0 -6.109*10^(-08)   2.828*10^(-5)  -7.749*10^(-6);0 0 0 1;0 0.00354 -0.03293 -1.106];
B=[0;-2.126*10^(-8);0;-293];
C=[0 0 1 0];
D=[0];
k1=-2.8342*10^(-6);
k2=-1.9259*10^(6);
k3=-18.7082;
k4=-0.1767;

% K=[k1,k2,k3,k4];
% TTT= inv(-A+(B*K));
% g1= 1/(C*inv(-A+B*K)*B);