% clc;
% clear;
% close all;
%%
% experimento 1
Tm=0.001;
n=1999-1;
t=0:Tm:Tm*n;

Datos = [2.50 -3.00 0.00 ; 2.50 -2.98 0.00 ; 2.50 -2.94 0.00 ; 2.50 -2.91 0.00 ; 2.50 -2.86 0.00 ; 2.50 -2.83 0.00 ; 2.50 -2.80 0.00 ; 2.50 -2.78 0.00 ; 2.50 -2.74 0.00 ; 2.50 -2.67 0.00 ; 2.50 -2.70 0.00 ; 2.50 -2.71 0.00 ; 2.50 -2.70 0.00 ; 2.50 -2.73 0.00 ; 2.50 -2.72 0.00 ; 2.50  -2.73 0.00 ; 2.50 -2.74 0.00 ; 2.50 -2.75 0.00 ; 2.50 -2.73 0.00 ; 2.50 -2.74 0.00 ; 2.50 -2.67 0.00 ; 2.50 -2.70 0.00 ; 2.50 -2.70 0.00 ; 2.50 -2.74 0.00 ; 2.50 -2.76 0.00 ; 2.50 -2.77 0.00 ; 2.50 -2.76 0.00 ; 2.50 -2.73 0.00 ; 2.50 -2.73 0.00 ; 2.50 -2.77 0.00 ; 2.50 -2.78 0.00 ; 2.50 -2.75 0.00 ; 2.50 -2.76 0.00 ; 2.50 -2.73 0.00 ; 2.50 -2.75 0.00 ; 2.50 -2.77 0.00 ; 2.50 -2.78 0.00 ; 2.50 -2.83 0.00 ; 2.50 -2.82 0.00 ; 2.50 -2.84 0.00 ; 2.50 -2.89 0.01 ; 2.50 -2.89 0.01 ; 2.50 -2.86 0.01 ; 2.50 -2.85 0.01 ; 2.50 -2.86 0.01 ; 2.50 -2.92 0.01 ; 2.50 -2.94 0.01 ; 2.50 -2.96 0.01 ; 2.50 -3.01 0.01 ; 2.50 -3.04 0.01 ; 2.50 -2.99 0.01 ; 2.50 -2.99 0.01 ; 2.50 -3.01 0.01 ; 2.50 -3.03 0.01 ; 2.50 -3.08 0.01 ; 2.50 -3.08 0.01 ; 2.50 -3.10 0.01 ; 2.50 -3.11 0.01 ; 2.50 -3.13 0.01 ; 2.50 -3.15 0.01 ; 2.50 -3.14 0.01 ; 2.50 -3.21 0.01 ; 2.50 -3.22  0.01 ; 2.50 -3.22 0.01 ; 2.50 -3.19 0.01 ; 2.50 -3.21 0.01 ; 2.50 -3.14 0.01 ; 2.50 -3.10 0.01 ; 2.50 -3.02 0.01 ; 2.50 -2.98 0.01 ; 2.50 -2.90 0.01 ; 2.50 -2.85 0.01 ; 2.50 -2.86 0.01 ; 2.50 -2.88 0.01 ; 2.50 -2.92 0.01 ; 2.50 -2.97 0.01 ; 2.50 -3.07 0.02 ; 2.50 -3.10 0.02 ; 2.50 -3.08 0.02 ; 2.50 -3.09 0.02 ; 2.50 -3.11 0.02 ; 2.50 -3.06 0.02 ; 2.50 -2.98 0.02 ; 2.50 -2.92 0.02 ; 2.50 -2.91 0.02 ; 2.50 -2.92 0.02 ; 2.50  -2.92 0.02 ; 2.50 -2.96 0.02 ; 2.50 -2.98 0.02 ; 2.50 -3.03 0.02 ; 2.50 -3.04 0.02 ; 2.50 -2.96 0.02 ; 2.50 -2.92 0.02 ; 2.50 -2.93 0.02 ; 2.50 -2.92 0.02 ; 2.50 -2.94 0.02 ; 2.50 -2.99 0.02 ; 2.50 -2.98 0.02 ; 2.50 -2.94 0.02 ; 2.50 -2.91 0.02 ; -2.40 -2.91 0.02 ; -2.40 -2.78 0.02 ; -2.40 -2.73 0.02 ; -2.40 -2.60 0.02 ; -2.40 -2.58 0.03 ; -2.40 -2.51 0.03 ; -2.40 -2.49 0.03 ; -2.40 -2.51 0.03 ; -2.40 -2.50 0.03 ; -2.40 -2.52 0.03 ; -2.40 -2.49 0.03 ; -2.40 -2.60 0.03 ; -2.40 -2.52 0.03 ; -2.40 -2.46 0.03 ; -2.40 -2.41 0.03 ; -2.40 -2.43 0.03 ; -2.40 -2.38 0.03  ; -2.40 -2.28 0.03 ; -2.40 -2.22 0.03 ; -2.40 -2.03 0.03 ; -2.40 -1.83 0.03 ; -2.40 -1.66 0.03 ; -2.40 -1.60 0.03 ; -2.40 -1.46 0.03 ; -2.40 -1.48 0.03 ; -2.40 -1.52 0.03 ; -2.40 -1.40 0.03 ; -2.40 -1.28 0.03 ; -2.40 -1.25 0.03 ; -2.40 -1.17 0.03 ; -2.40 -1.13 0.03 ; -2.40 -0.99 0.03 ; -2.40 -0.86 0.03 ; -2.40 -0.74 0.03 ; -2.40 -0.65 0.03 ; -2.40 -0.53 0.03 ; -2.40 -0.40 0.03 ; -2.40 -0.32 0.03 ; -2.40 -0.24 0.03 ; -2.40  -0.10 0.03 ; -2.40 -0.00 0.03 ; -2.40 0.02 0.03 ; -2.40 0.08 0.03 ; -2.40 0.22 0.03 ; -2.40 0.27 0.03 ; -2.40 0.35 0.03 ; -2.40 0.44 0.03 ; -2.40 0.56 0.03 ; -2.40 0.64 0.03 ; -2.40 0.70 0.03 ; -2.40 0.73 0.03 ; -2.40 0.84 0.03 ; -2.40 0.98 0.03 ; -2.40 1.00 0.03 ; -2.40 1.05 0.03 ;  -2.40 1.15 0.03 ; -2.40 1.28 0.03 ; -2.40 1.33 0.03 ; -2.40 1.38 0.03 ; -2.40 1.45 0.03 ; -2.40 1.48 0.03 ; -2.40 1.58 0.03 ; -2.40 1.66 0.03  ; -2.40 1.69 0.03 ; -2.40 1.73 0.03 ; -2.40 1.82 0.03 ; -2.40 1.82 0.03 ; -2.40 1.87 0.03 ; -2.40 1.95 0.02 ; -2.40 1.99 0.02 ; -2.40 2.06 0.02 ; -2.40 2.09 0.02 ; -2.40 2.13 0.02 ; -2.40 2.16 0.02 ; -2.40 2.19 0.02 ; -2.40 2.22 0.02 ; -2.40 2.34 0.02 ; -2.40 2.43 0.02 ; -2.40 2.50 0.02 ; -2.40 2.50 0.02 ; -2.40 2.52 0.02 ; -2.40 2.51 0.02 ; -2.40 2.54 0.02 ; -2.40 2.54 0.02 ; -2.40 2.51 0.02 ; -2.40 2.56 0.02 ; -2.40 2.57 0.02 ; -2.40 2.53 0.02 ; -2.40 2.45 0.02 ; -2.40 2.47 0.02 ; -2.40 2.45 0.02 ; -2.40 2.50 0.02 ; -2.40 2.50 0.02 ; -2.40 2.46 0.02 ; -2.40 2.50 0.02 ; -2.40 2.49 0.02 ; -2.40 2.48 0.02 ; -2.40 2.45 0.02 ; -2.40 2.41 0.02 ; -2.40 2.39 0.02 ; 2.50 2.37 0.02 ; 2.50 2.34 0.02 ; 2.50 2.33 0.02 ; 2.50 2.27 0.02 ; 2.50 2.24 0.02 ; 2.50 2.20 0.02 ; 2.50 2.14 0.02 ; 2.50 2.15 0.02 ; 2.50 2.09 0.01 ; 2.50 2.00 0.01 ; 2.50 1.91 0.01 ; 2.50 1.85 0.01 ; 2.50 1.83 0.01 ; 2.50 1.84 0.01 ; 2.50 1.71 0.01 ; 2.50 1.53 0.01 ; 2.50 1.40 0.01 ; 2.50 1.27 0.01 ; 2.50 1.22 0.01 ; 2.50 1.01 0.01 ; 2.50 1.02 0.01 ; 2.50 1.02 0.01 ; 2.50 0.91 0.01 ; 2.50 0.73 0.01 ; 2.50 0.58 0.01 ; 2.50 0.58 0.01 ; 2.50 0.49 0.01 ; 2.50 0.31 0.01 ; 2.50 0.21 0.01 ; 2.50 0.14 0.01 ; 2.50 0.01 0.01 ; 2.50 -0.14 0.01 ; 2.50 -0.23 0.01 ; 2.50 -0.34 0.01 ; 2.50 -0.48 0.01 ; 2.50 -0.62  0.01 ; 2.50 -0.72 0.01 ; 2.50 -0.87 0.01 ; 2.50 -1.03 0.01 ; 2.50 -1.20 0.01 ; 2.50 -1.35 0.01 ; 2.50 -1.46 0.01 ; 2.50 -1.63 0.01 ; 2.50 -1.77 0.02 ; 2.50 -1.88 0.02 ; 2.50 -2.39 0.02 ; 2.50 -2.73 0.02 ; 2.50 -3.12 0.02 ; 2.50 -3.57 0.02 ; 2.50 -3.80 0.02 ; 2.50 -4.30 0.02 ; 2.50 -4.83 0.02 ; 2.50 -5.14 0.02 ; 2.50 -5.27 0.02 ; 2.50 -5.59 0.02 ; 2.50 -5.80 0.02 ; 2.50 -6.04 0.02 ; 2.50 -6.28 0.02 ; 2.50 -6.53 0.02 ; 2.50  -6.69 0.02 ; 2.50 -6.81 0.02 ; 2.50 -6.80 0.02 ; 2.50 -6.77 0.02 ; 2.50 -6.82 0.02 ; 2.50 -6.82 0.02 ; 2.50 -6.75 0.02 ; 2.50 -6.75 0.02 ; 2.50 -6.79 0.02 ; 2.50 -6.80 0.02 ; 2.50 -6.71 0.02 ; 2.50 -6.69 0.02 ; 2.50 -6.64 0.02 ; 2.50 -6.60 0.02 ; 2.50 -6.54 0.02 ; 2.50 -6.49 0.02 ; 2.50 -6.45 0.02 ; 2.50 -6.46 0.02 ; 2.50 -6.49 0.02 ; 2.50 -6.48 0.02 ; 2.50 -6.52 0.02 ; 2.50 -6.46 0.02 ; 2.50 -6.49 0.02 ; 2.50 -6.33 0.02 ; 2.50 -6.37 0.02 ; 2.50 -6.31 0.02 ; 2.50 -6.20 0.02 ; 2.50 -6.15 0.02 ; 2.50 -6.07 0.02 ; 2.50 -5.92 0.02 ; 2.50 -5.88 0.03 ; 2.50 -5.83 0.03 ; 2.50 -5.70 0.03 ; 2.50 -5.61 0.03 ; 2.50 -5.60 0.03 ; 2.50 -5.51 0.03 ; 2.50 -5.37 0.03 ; 2.50 -5.35 0.03 ; 2.50 -5.24 0.03 ; 2.50 -5.16 0.03 ; 2.50 -4.98 0.03 ; -2.40 -4.89 0.03 ; -2.40 -4.74 0.03 ; -2.40 -4.65 0.03 ; -2.40 -4.62 0.03 ; -2.40 -4.51 0.03 ; -2.40 -4.40 0.03 ; -2.40 -4.23 0.03 ; -2.40 -4.31 0.03 ; -2.40 -4.36 0.03 ; -2.40 -4.20 0.03 ; -2.40 -4.07 0.03 ; -2.40 -3.97 0.03 ; -2.40 -3.84 0.03 ; -2.40 -3.65 0.03 ; -2.40 -3.44 0.03 ; -2.40 -3.21 0.03 ; -2.40 -2.90 0.03 ; -2.40 -2.88 0.03 ; -2.40 -2.83 0.03 ; -2.40 -2.47 0.03 ; -2.40 -2.23 0.03 ; -2.40 -2.14 0.03 ; -2.40 -2.20 0.03 ; -2.40 -1.95 0.03 ; -2.40 -1.89 0.03 ; -2.40 -1.87 0.03 ; -2.40 -1.66 0.03 ; -2.40 -1.53 0.03 ; -2.40 -1.27 0.03 ; -2.40 -1.15 0.03 ; -2.40 -0.93 0.03 ; -2.40 -0.74 0.03 ; -2.40 -0.66 0.03 ; -2.40 -0.46 0.03 ; -2.40 -0.24 0.03 ; -2.40 -0.07 0.03 ; -2.40 0.09 0.03 ; -2.40 0.25 0.03 ; -2.40 0.40 0.03 ; -2.40 0.59 0.03 ; -2.40 0.74 0.03 ; -2.40 0.92 0.03 ; -2.40 1.07 0.03 ; -2.40 1.21 0.03 ; -2.40 1.28 0.03 ; -2.40 1.36 0.03 ; -2.40 1.49 0.03 ; -2.40 1.62 0.03 ; -2.40 1.67 0.03 ; -2.40 1.81 0.03 ; -2.40 2.01 0.03 ; -2.40 2.07 0.03 ; -2.40 2.10 0.03 ; -2.40 2.20 0.03 ; -2.40 2.37 0.03 ; -2.40 2.40 0.03 ; -2.40 2.51 0.03 ; -2.40 2.53 0.03 ; -2.40 2.62 0.03 ; -2.40 2.78 0.03 ; -2.40 2.82 0.03 ; -2.40 2.91 0.03 ; -2.40 2.99 0.03 ; -2.40 3.05 0.03 ; -2.40 3.09 0.03 ; -2.40 3.11 0.03 ; -2.40 3.23 0.03 ; -2.40 3.29 0.03 ; -2.40 3.23 0.03 ; -2.40 3.24 0.03 ; -2.40 3.35 0.03 ; -2.40 3.31 0.03 ; -2.40 3.32 0.03 ; -2.40 3.31 0.03 ; -2.40 3.35 0.03 ; -2.40 3.36  0.03 ; -2.40 3.41 0.03 ; -2.40 3.45 0.03 ; -2.40 3.48 0.03 ; -2.40 3.50 0.03 ; -2.40 3.48 0.03 ; -2.40 3.45 0.03 ; -2.40 3.44 0.03 ; -2.40 3.47 0.03 ; -2.40 3.42 0.03 ; -2.40 3.39 0.03 ; -2.40 3.32 0.02 ; -2.40 3.25 0.02 ; -2.40 3.23 0.02 ; -2.40 3.17 0.02 ; -2.40 3.08 0.02 ; -2.40 3.11 0.02 ; -2.40 3.05 0.02 ; -2.40 2.91 0.02 ; -2.40 2.84 0.02 ; -2.40 2.79 0.02 ; -2.40 2.73 0.02 ; -2.40 2.60 0.02 ; -2.40 2.40 0.02 ; -2.40 2.31 0.02 ; 2.50 2.26 0.02 ; 2.50 2.24 0.02 ; 2.50 2.12 0.02 ; 2.50 2.03 0.02 ; 2.50 1.97 0.02 ; 2.50 1.88 0.02 ; 2.50 1.77 0.02 ; 2.50 1.66  0.02 ; 2.50 1.54 0.02 ; 2.50 1.43 0.02 ; 2.50 1.32 0.02 ; 2.50 1.24 0.02 ; 2.50 1.10 0.02 ; 2.50 0.97 0.02 ; 2.50 0.90 0.02 ; 2.50 0.78 0.02 ; 2.50 0.60 0.02 ; 2.50 0.31 0.02 ; 2.50 0.18 0.02 ; 2.50 0.07 0.02 ; 2.50 -0.28 0.02 ; 2.50 -0.43 0.02 ; 2.50 -0.56 0.02 ; 2.50 -0.68 0.02 ; 2.50 -0.88 0.02 ; 2.50 -1.42 0.02 ; 2.50 -1.94 0.02 ; 2.50 -2.48 0.02 ; 2.50 -2.81 0.02 ; 2.50 -2.82 0.02 ; 2.50 -3.43 0.02 ; 2.50 -4.07 0.02 ; 2.50 -4.68 0.02 ; 2.50 -5.09 0.02 ; 2.50 -5.49 0.02 ; 2.50 -5.85 0.02 ; 2.50 -6.05 0.02 ; 2.50 